2013-10-13T12:14:24Z   -69.730    1.482    1.030    0.001760    15.83     6.94
2013-10-14T12:14:24Z   -68.730    1.468    1.006    0.001707    33.01     3.33
2013-10-15T12:14:24Z   -67.730    1.455    0.982    0.001689    42.92     1.77
2013-10-16T11:55:40Z   -66.743    1.442    0.959    0.001688    12.09     9.60
2013-10-17T11:55:40Z   -65.743    1.428    0.935    0.001688    39.04     2.99
2013-10-18T11:55:40Z   -64.743    1.415    0.911    0.001751    35.75     3.31
2013-10-19T11:55:40Z   -63.743    1.401    0.888    0.001799    49.29     1.78
2013-10-20T11:55:40Z   -62.743    1.388    0.865    0.001899    43.78     2.38
2013-10-21T11:34:04Z   -61.758    1.375    0.842    0.001942    39.59     1.69
2013-10-22T11:34:04Z   -60.758    1.362    0.819    0.001918    43.32     1.54
2013-10-23T11:34:04Z   -59.758    1.349    0.796    0.001899    38.72     2.09
2013-10-24T11:13:55Z   -58.772    1.336    0.774    0.001883    49.09     1.50
2013-10-25T11:15:21Z   -57.771    1.322    0.752    0.001913    50.64     1.41
2013-10-26T11:13:55Z   -56.772    1.309    0.729    0.001859    44.75     2.76
2013-10-28T10:52:19Z   -54.787    1.283    0.686    0.001850    34.18     1.80
2013-10-29T10:33:36Z   -53.800    1.271    0.665    0.001849    48.36     1.60
2013-10-30T10:33:36Z   -52.800    1.258    0.644    0.001900    34.44     1.61
2013-10-31T10:33:36Z   -51.800    1.245    0.623    0.001885    47.74     4.65
2013-11-01T10:16:19Z   -50.812    1.232    0.603    0.001884    38.32     3.08
2013-11-02T09:10:04Z   -49.858    1.220    0.584    0.001943    37.93     2.01
2013-11-03T09:11:31Z   -48.857    1.207    0.565    0.001911    48.55     1.01
2013-11-05T09:11:31Z   -46.857    1.182    0.528    0.001866    43.46     1.08
2013-11-06T09:10:04Z   -45.858    1.170    0.510    0.001850    51.17     0.86
2013-11-07T09:40:19Z   -44.837    1.157    0.493    0.001738    80.59     1.17
2013-11-08T09:20:09Z   -43.851    1.145    0.478    0.001797    53.57     0.75
2013-11-09T09:38:52Z   -42.838    1.133    0.463    0.001840    63.79     0.62
2013-11-10T09:48:57Z   -41.831    1.120    0.449    0.001819    63.61     0.60
2013-11-11T10:07:40Z   -40.818    1.108    0.436    0.001858    58.78     0.63
2013-11-12T10:27:50Z   -39.804    1.096    0.424    0.001886    46.14     1.29
2013-11-13T10:49:26Z   -38.789    1.084    0.414    0.001913    42.42     1.38
2013-11-14T11:29:45Z   -37.761    1.072    0.405    0.001949    43.93     1.21
2013-11-15T11:51:21Z   -36.746    1.061    0.398    0.001885    53.92     1.07
2013-11-16T05:51:21Z   -35.996    1.052    0.394    0.001904    58.72     0.97
2013-11-17T06:12:57Z   -34.981    1.041    0.389    0.001839    68.81     1.09
2013-11-18T06:33:07Z   -33.967    1.029    0.387    0.001775    61.00     1.08
2013-11-19T06:54:43Z   -32.952    1.018    0.386    0.001753    70.56     1.04
2013-11-21T07:55:12Z   -30.910    0.997    0.390    0.001721    78.92     1.06
2013-11-22T08:18:14Z   -29.894    0.986    0.395    0.001670    84.07     0.82
2013-11-23T08:35:31Z   -28.882    0.976    0.401    0.001647    89.85     0.92
2013-11-24T09:01:26Z   -27.864    0.965    0.409    0.001642    89.45     0.99
2013-11-25T09:01:26Z   -26.864    0.956    0.418    0.001613    94.64     0.94
2013-11-26T09:15:50Z   -25.854    0.946    0.428    0.001640    86.99     1.00
2013-11-27T09:43:12Z   -24.835    0.937    0.440    0.001651    89.64     0.83
2013-11-29T09:43:12Z   -22.835    0.919    0.467    0.001683    82.26     1.04
2013-11-30T09:56:09Z   -21.826    0.910    0.482    0.001664    87.50     1.00
2013-12-01T09:54:43Z   -20.827    0.902    0.498    0.001649    87.77     1.08
2013-12-02T09:54:43Z   -19.827    0.894    0.514    0.001631    95.34     1.00
2013-12-03T09:54:43Z   -18.827    0.886    0.531    0.001655    95.06     0.98
2013-12-04T09:54:43Z   -17.827    0.879    0.549    0.001637    97.92     1.06
2013-12-05T09:54:43Z   -16.827    0.872    0.567    0.001639   122.10     0.94
2013-12-06T09:53:16Z   -15.828    0.865    0.585    0.001689   115.70     1.06
2013-12-07T09:53:16Z   -14.828    0.859    0.604    0.001715   105.20     1.16
2013-12-08T09:53:16Z   -13.828    0.853    0.623    0.001737   102.40     1.08
2013-12-09T09:53:16Z   -12.828    0.847    0.642    0.001763    94.61     1.18
2013-12-10T09:53:16Z   -11.828    0.842    0.662    0.001757   108.80     1.13
2013-12-11T09:47:31Z   -10.832    0.837    0.682    0.001752   130.40     1.03
2013-12-12T09:47:31Z    -9.832    0.833    0.702    0.001769   118.00     1.06
2013-12-13T09:47:31Z    -8.832    0.829    0.722    0.001763   116.10     1.10
2013-12-14T09:47:31Z    -7.832    0.825    0.742    0.001765   119.60     1.23
2013-12-15T09:47:31Z    -6.832    0.822    0.762    0.001697   135.60     1.13
2013-12-16T09:47:31Z    -5.832    0.819    0.782    0.001692   110.50     1.49
2013-12-17T09:11:31Z    -4.857    0.817    0.801    0.001598   120.50     1.66
2013-12-18T09:11:31Z    -3.857    0.815    0.822    0.001548   155.10     1.37
2013-12-19T09:11:31Z    -2.857    0.813    0.842    0.001501   140.20     1.83
2013-12-20T09:11:31Z    -1.857    0.812    0.861    0.001497   113.10     2.24
2013-12-21T09:07:12Z    -0.860    0.812    0.881    0.001511   148.20     1.57
2013-12-22T09:07:12Z     0.140    0.812    0.901    0.001509   143.50     1.80
2013-12-23T09:07:12Z     1.140    0.812    0.920    0.001465   137.10     1.93
2013-12-24T09:07:12Z     2.140    0.813    0.940    0.001526   142.20     1.75
2013-12-25T09:07:12Z     3.140    0.814    0.959    0.001541   142.50     2.03
2013-12-26T08:29:45Z     4.114    0.815    0.977    0.001510   132.90     1.92
2013-12-27T08:29:45Z     5.114    0.817    0.996    0.001528   113.30     1.91
2013-12-28T08:29:45Z     6.114    0.820    1.015    0.001513   129.10     2.19
2013-12-29T08:29:45Z     7.114    0.823    1.033    0.001514   122.30     1.90
2013-12-30T08:31:12Z     8.115    0.826    1.051    0.001595   106.90     2.16
2014-01-01T08:25:26Z    10.111    0.834    1.086    0.001549   149.00     1.81
2014-01-02T08:25:26Z    11.111    0.839    1.103    0.001579   116.00     1.97
2014-01-03T08:25:26Z    12.111    0.844    1.120    0.001640   107.90     4.02
2014-01-04T08:25:26Z    13.111    0.849    1.137    0.001694   107.00     2.84
2014-01-05T08:25:26Z    14.111    0.855    1.153    0.001737    87.55     1.51
2014-01-07T04:37:55Z    15.953    0.866    1.182    0.001793   113.70     1.11
2014-01-09T04:37:55Z    17.953    0.880    1.213    0.001689   120.60     3.78
2014-01-10T04:37:55Z    18.953    0.887    1.228    0.001691    98.35    10.45
2014-01-11T03:41:45Z    19.914    0.895    1.242    0.001651   110.60     1.44
2014-01-12T03:41:45Z    20.914    0.903    1.256    0.001674    90.16     1.56
2014-01-13T03:47:31Z    21.918    0.911    1.270    0.001623    91.10     1.82
2014-01-14T03:47:31Z    22.918    0.919    1.283    0.001616    94.05     1.79
2014-01-15T03:47:31Z    23.918    0.928    1.297    0.001652   105.90     1.70
2014-01-16T03:47:31Z    24.918    0.937    1.310    0.001643    89.32     2.45
2014-01-17T03:47:31Z    25.918    0.947    1.322    0.001685    96.26     7.16
2014-01-18T03:47:31Z    26.918    0.956    1.334    0.001748    81.53     3.20
2014-01-19T04:22:04Z    27.942    0.966    1.346    0.001809   106.50     1.44
2014-01-20T04:22:04Z    28.942    0.976    1.358    0.001778    82.99     1.47
2014-01-21T04:22:04Z    29.942    0.986    1.369    0.001758    81.76     1.56
2014-01-22T04:22:04Z    30.942    0.997    1.380    0.001685   109.50     1.73
2014-01-23T04:22:04Z    31.942    1.007    1.390    0.001710   100.80     1.70
2014-01-24T04:22:04Z    32.942    1.018    1.401    0.001755    79.03     1.90
2014-01-25T04:22:04Z    33.942    1.029    1.410    0.001749    74.79     1.64
2014-01-26T04:30:43Z    34.948    1.040    1.420    0.001704    72.52     1.75
2014-01-27T04:30:43Z    35.948    1.052    1.429    0.001737    71.76     2.18
2014-01-28T04:30:43Z    36.948    1.063    1.438    0.001732    90.68     1.56
2014-01-29T04:30:43Z    37.948    1.074    1.447    0.001745    78.60     1.76
2014-01-30T04:30:43Z    38.948    1.086    1.455    0.001732    54.66     2.41
2014-01-31T04:30:43Z    39.948    1.098    1.463    0.001736    68.03     2.39
2014-02-01T04:30:43Z    40.948    1.110    1.470    0.001713    72.19     1.96
2014-02-02T05:02:24Z    41.970    1.122    1.478    0.001700    86.79    11.55
2014-02-03T05:02:24Z    42.970    1.134    1.485    0.001585    58.86     3.14
2014-02-04T05:02:24Z    43.970    1.146    1.492    0.001613   100.20     1.45
2014-02-05T05:02:24Z    44.970    1.159    1.498    0.001610    81.98     2.55
2014-02-06T05:02:24Z    45.970    1.171    1.504    0.001585    99.30     2.20
2014-02-07T05:02:24Z    46.970    1.184    1.510    0.001603    90.95     2.04
2014-02-08T05:02:24Z    47.970    1.196    1.515    0.001571   114.30     1.44
2014-02-09T05:02:24Z    48.970    1.209    1.521    0.001648   110.20     1.37
2014-02-10T05:02:24Z    49.970    1.221    1.526    0.001717    73.21     1.80
2014-02-12T05:13:55Z    51.978    1.247    1.535    0.001790    70.77     1.66
2014-02-13T05:13:55Z    52.978    1.260    1.539    0.001777   107.60     1.18
2014-02-14T05:13:55Z    53.978    1.273    1.543    0.001777    66.95     2.06
2014-02-16T05:13:55Z    55.978    1.299    1.550    0.001838    55.46     2.19
2014-02-17T05:13:55Z    56.978    1.312    1.553    0.001891    24.11     4.50
2014-02-18T05:13:55Z    57.978    1.325    1.556    0.001897    44.56     2.59
2014-02-19T05:13:55Z    58.978    1.338    1.558    0.001957    49.55     2.15
2014-02-20T05:42:43Z    59.998    1.352    1.561    0.001937    41.43     2.95
2014-02-21T05:42:43Z    60.998    1.365    1.563    0.001931    47.43     2.32
2014-02-22T05:42:43Z    61.998    1.378    1.564    0.001930    44.05     2.67
2014-02-24T05:42:43Z    63.998    1.405    1.568    0.001905    46.93     2.01
2014-02-25T05:42:43Z    64.998    1.418    1.569    0.001884    41.02     2.06
2014-02-26T05:42:43Z    65.998    1.432    1.570    0.001842    74.45     1.73
2014-02-27T05:42:43Z    66.998    1.445    1.570    0.001743    65.56     1.99
2014-02-28T05:42:43Z    67.998    1.458    1.571    0.001747    70.66     5.60
2014-03-01T05:42:43Z    68.998    1.472    1.571    0.001753    56.96     2.42
2014-03-02T05:42:43Z    69.998    1.485    1.572    0.001743    63.26     8.48
2014-03-03T05:57:07Z    71.008    1.499    1.571    0.001725    58.32     1.66
2014-03-04T05:57:07Z    72.008    1.512    1.571    0.001781    67.84     6.00
2014-03-05T05:57:07Z    73.008    1.526    1.571    0.001785    48.00     2.54
2014-03-07T05:57:07Z    75.008    1.553    1.570    0.001771    60.29     4.08
2014-03-09T05:58:33Z    77.009    1.579    1.568    0.001847    29.00     2.90
2014-03-10T05:58:33Z    78.009    1.593    1.566    0.001840    64.99     1.95
2014-03-11T05:58:33Z    79.009    1.606    1.565    0.001863    35.03     2.20
2014-03-12T06:21:36Z    80.025    1.620    1.563    0.001925    60.28    10.85
2014-03-13T06:21:36Z    81.025    1.634    1.562    0.001908    32.12     5.93
2014-03-14T06:21:36Z    82.025    1.647    1.560    0.001940    25.89     4.29
2014-03-15T06:21:36Z    83.025    1.661    1.558    0.001940    58.86     1.87
2014-03-16T06:21:36Z    84.025    1.674    1.556    0.001949    27.05     4.12
2014-03-17T06:21:36Z    85.025    1.688    1.554    0.001938    21.05     4.93
2014-03-18T06:21:36Z    86.025    1.701    1.551    0.001928    36.62     3.01
2014-03-19T06:21:36Z    87.025    1.714    1.549    0.001881     8.47    12.28
2014-03-23T06:41:45Z    91.039    1.768    1.539    0.001745    54.90     3.00
