2020-05-12T15:01:26Z   -51.553    1.295    1.603    0.001786    61.74     3.49
2020-05-13T15:02:52Z   -50.552    1.276    1.604    0.001815    27.19     8.66
2020-05-14T15:02:52Z   -49.552    1.257    1.604    0.001780    43.09     5.05
2020-05-15T15:02:52Z   -48.552    1.238    1.604    0.001780    60.11     4.00
2020-05-17T14:29:45Z   -46.575    1.200    1.605    0.001815    49.95     3.08
2020-05-19T14:22:33Z   -44.580    1.161    1.604    0.001798    55.62     4.95
2020-05-22T14:22:33Z   -41.580    1.102    1.603    0.001830    54.87     4.57
2020-05-30T13:04:48Z   -33.634    0.941    1.590    0.001875    68.13     4.47
2020-06-01T13:04:48Z   -31.634    0.900    1.584    0.001889    69.80     4.69
2020-06-02T13:04:48Z   -30.634    0.879    1.581    0.001913    57.82     5.06
2020-06-03T13:00:28Z   -29.637    0.858    1.577    0.001892    72.41     4.65
2020-06-04T13:01:55Z   -28.636    0.836    1.573    0.001890    85.42     3.77
2020-06-05T13:00:28Z   -27.637    0.815    1.569    0.001915    85.90     5.57
2020-06-06T13:01:55Z   -26.636    0.793    1.564    0.001908   122.50     2.82
2020-06-07T12:23:02Z   -25.663    0.772    1.560    0.001938   114.00     2.93
2020-06-08T12:24:28Z   -24.662    0.751    1.554    0.001948   119.20     3.02
2020-06-09T12:23:02Z   -23.663    0.729    1.548    0.001962   121.00     3.09
2020-06-10T12:21:36Z   -22.664    0.707    1.542    0.001955   171.20     2.30
2020-06-11T12:21:36Z   -21.664    0.685    1.535    0.001953   232.10     1.93
2020-06-12T12:21:36Z   -20.664    0.663    1.528    0.001955   198.30     2.25
2020-06-13T11:41:16Z   -19.692    0.641    1.520    0.001957   201.40     7.68
2020-06-14T11:41:16Z   -18.692    0.619    1.511    0.001959   307.60    19.60
2020-06-15T11:41:16Z   -17.692    0.597    1.502    0.001928   227.00    33.37
2020-06-17T08:38:24Z   -15.819    0.555    1.483    0.001924   334.80     1.52
2020-06-17T11:39:50Z   -15.693    0.552    1.482    0.001923   420.60     1.33
2020-06-18T11:39:50Z   -14.693    0.530    1.471    0.001869   504.60     1.54
2020-07-07T09:10:04Z     4.203    0.324    1.011    0.001471  5148.00  1233.00
2020-07-08T09:05:45Z     5.200    0.337    0.976    0.001520  5273.00     0.66
2020-07-09T08:28:19Z     6.174    0.352    0.944    0.001570  5234.00     0.51
2020-07-10T08:28:19Z     7.174    0.369    0.911    0.001620  3642.00     0.46
2020-07-11T08:25:26Z     8.172    0.387    0.880    0.001665  3195.00     0.42
2020-07-12T07:46:33Z     9.145    0.406    0.852    0.001707  2205.00     0.49
2020-07-13T07:46:33Z    10.145    0.426    0.824    0.001708  1661.00   310.50
2020-07-14T07:45:07Z    11.144    0.446    0.799    0.001753  2208.00     0.31
2020-07-15T07:04:48Z    12.116    0.467    0.777    0.001763  1682.00     0.34
2020-07-16T07:04:48Z    13.116    0.488    0.756    0.001752  1604.00     0.27
2020-07-16T14:11:02Z    13.412    0.495    0.751    0.001735   954.00     0.42
2020-07-18T14:51:21Z    15.440    0.539    0.719    0.001757  1098.00     0.30
2020-07-28T05:19:40Z    25.043    0.752    0.727    0.001721   257.70     0.68
2020-07-29T05:19:40Z    26.043    0.774    0.741    0.001744   234.10     0.76
2020-07-30T05:19:40Z    27.043    0.795    0.757    0.001727   216.80     0.92
2020-07-31T05:21:07Z    28.044    0.817    0.775    0.001720   216.60     0.75
2020-08-01T05:49:55Z    29.064    0.839    0.795    0.001715   195.50     0.74
2020-08-02T05:49:55Z    30.064    0.860    0.816    0.001727   148.80     0.97
2020-08-03T05:49:55Z    31.064    0.881    0.839    0.001765   152.60     2.04
2020-08-04T06:02:52Z    32.073    0.902    0.863    0.001757   133.60     5.16
2020-08-05T06:02:52Z    33.073    0.923    0.888    0.001745   120.20     1.08
2020-08-07T06:30:14Z    35.092    0.965    0.940    0.001765    92.69     7.18
2020-08-08T06:30:14Z    36.092    0.985    0.968    0.001784    85.40     2.56
2020-08-09T06:30:14Z    37.092    1.006    0.996    0.001777    75.16     1.59
2020-08-10T06:44:38Z    38.102    1.026    1.025    0.001763    84.48     7.61
2020-08-11T06:44:38Z    39.102    1.047    1.054    0.001760    61.73     6.89
2020-08-12T06:44:38Z    40.102    1.067    1.083    0.001770    68.11     1.43
2020-08-13T07:12:00Z    41.121    1.087    1.114    0.001739    65.58     1.82
2020-08-14T07:12:00Z    42.121    1.107    1.144    0.001745    63.72     1.94
2020-08-15T07:12:00Z    43.121    1.126    1.175    0.001732    44.68     3.02
2020-08-16T07:12:00Z    44.121    1.146    1.206    0.001720    50.64     2.51
2020-08-17T07:26:24Z    45.131    1.166    1.237    0.001721    58.68     2.58
2020-08-18T07:26:24Z    46.131    1.185    1.268    0.001728    25.52     5.77
2020-08-19T07:26:24Z    47.131    1.204    1.300    0.001688    55.57     2.98
2020-08-20T07:26:24Z    48.131    1.224    1.331    0.001693    38.44     4.46
2020-08-21T07:26:24Z    49.131    1.243    1.363    0.001686    16.16    10.28
2020-08-22T07:49:26Z    50.147    1.262    1.395    0.001688    48.94     3.62
2020-08-23T07:49:26Z    51.147    1.281    1.427    0.001694    66.33     2.51
2020-08-24T07:49:26Z    52.147    1.300    1.459    0.001682    39.52     4.25
2020-08-25T07:49:26Z    53.147    1.318    1.491    0.001675    49.84     4.00
2020-08-26T07:50:52Z    54.148    1.337    1.523    0.001645    64.90     3.26
2020-08-27T07:49:26Z    55.147    1.355    1.554    0.001661    34.37     5.66
2020-08-28T08:03:50Z    56.157    1.374    1.587    0.001672    47.50     8.90
2020-08-29T08:03:50Z    57.157    1.392    1.619    0.001660    59.01     3.98
2020-08-30T08:03:50Z    58.157    1.411    1.650    0.001667    20.42     9.96
2020-08-31T08:03:50Z    59.157    1.429    1.683    0.001655    14.08    12.34
2020-09-01T08:03:50Z    60.157    1.447    1.714    0.001676    74.30     2.85
2020-09-02T08:03:50Z    61.157    1.465    1.746    0.001669    35.54     5.01
2020-09-03T08:03:50Z    62.157    1.483    1.778    0.001653    19.03     9.54
2020-09-04T08:03:50Z    63.157    1.501    1.809    0.001646    50.45     5.04
2020-09-05T08:28:19Z    64.174    1.519    1.841    0.001635    28.66     6.28
2020-09-06T08:03:50Z    65.157    1.536    1.872    0.001651    33.80     6.39
2020-09-07T08:28:19Z    66.174    1.554    1.903    0.001644    27.52     6.81
