2014-04-04T04:07:40Z   -88.844    1.763    0.972    0.002045    22.12     4.00
2014-04-05T04:07:40Z   -87.844    1.748    0.972    0.002026    36.63     2.53
2014-04-06T04:39:21Z   -86.822    1.734    0.973    0.002033    48.78     1.83
2014-04-07T04:09:07Z   -85.843    1.719    0.974    0.002025    47.77     2.17
2014-04-08T04:39:21Z   -84.822    1.705    0.976    0.002049    55.22     1.85
2014-04-11T04:37:55Z   -81.823    1.661    0.988    0.001930    42.25     2.71
2014-04-12T04:52:19Z   -80.813    1.646    0.994    0.001914    24.53     4.80
2014-04-13T04:52:19Z   -79.813    1.631    1.001    0.001891    37.91     2.90
2014-04-14T04:53:45Z   -78.812    1.617    1.008    0.001859    50.31     2.60
2014-04-15T04:53:45Z   -77.812    1.602    1.016    0.001804    48.48     2.61
2014-04-16T04:53:45Z   -76.812    1.587    1.024    0.001808    62.30     2.09
2014-04-17T05:18:14Z   -75.795    1.572    1.034    0.001731    82.73     1.81
2014-04-18T05:18:14Z   -74.795    1.558    1.044    0.001699    77.31     2.09
2014-04-19T05:18:14Z   -73.795    1.543    1.054    0.001732    49.97     3.33
2014-04-20T05:16:48Z   -72.796    1.528    1.065    0.001684    48.33     2.97
2014-04-21T05:36:57Z   -71.782    1.513    1.076    0.001694    79.70     1.97
2014-04-22T05:36:57Z   -70.782    1.498    1.088    0.001715    75.42     1.93
2014-04-23T05:36:57Z   -69.782    1.483    1.100    0.001741    80.70     2.15
2014-04-24T05:36:57Z   -68.782    1.469    1.113    0.001762    60.67     2.37
2014-04-25T05:36:57Z   -67.782    1.454    1.126    0.001851    45.29     3.03
2014-04-27T05:57:07Z   -65.768    1.424    1.153    0.001887    41.02     2.27
2014-04-28T05:57:07Z   -64.768    1.409    1.167    0.002036    42.27     2.76
2014-04-29T06:20:09Z   -63.752    1.394    1.181    0.001990    41.61     3.50
2014-04-30T06:20:09Z   -62.752    1.379    1.195    0.001946    63.33     2.00
2014-05-01T06:20:09Z   -61.752    1.364    1.209    0.001932    69.69     1.97
2014-05-02T06:20:09Z   -60.752    1.349    1.224    0.001925    67.16     1.31
2014-05-03T06:21:36Z   -59.751    1.334    1.238    0.001908    62.70     6.97
2014-05-04T06:37:26Z   -58.740    1.319    1.253    0.001852    78.61     4.13
2014-05-05T06:21:36Z   -57.751    1.304    1.268    0.001882    71.68     3.07
2014-05-06T06:36:00Z   -56.741    1.289    1.283    0.001856    87.54     2.26
2014-05-07T06:36:00Z   -55.741    1.274    1.298    0.001853    78.10     2.91
2014-05-09T06:36:00Z   -53.741    1.245    1.327    0.001870   105.40     2.27
2014-05-10T07:03:21Z   -52.722    1.229    1.342    0.001869    93.49     2.12
2014-05-11T07:04:48Z   -51.721    1.214    1.357    0.001858    89.01     2.63
2014-05-12T07:04:48Z   -50.721    1.200    1.371    0.001752    63.25     3.77
2014-05-14T07:04:48Z   -48.721    1.170    1.400    0.001808    69.89     2.88
2014-05-15T07:04:48Z   -47.721    1.155    1.414    0.001872    73.58     2.84
2014-06-02T07:55:12Z   -29.686    0.900    1.626    0.001714   134.70     4.58
2014-06-03T07:55:12Z   -28.686    0.887    1.634    0.001770   287.40     2.20
2014-06-04T07:55:12Z   -27.686    0.874    1.642    0.001721   286.00    25.63
2014-06-05T07:55:12Z   -26.686    0.862    1.650    0.001722   201.00    43.38
2014-06-06T07:55:12Z   -25.686    0.849    1.657    0.001685   246.60    24.63
2014-06-07T07:55:12Z   -24.686    0.837    1.663    0.001696   261.40    73.46
2014-07-12T08:41:16Z    10.346    0.699    1.455    0.001837   244.30     2.03
2014-07-13T08:42:43Z    11.347    0.705    1.436    0.001946   212.20     1.77
2014-07-14T08:42:43Z    12.347    0.713    1.417    0.001870   166.60     2.26
2014-07-15T08:42:43Z    13.347    0.720    1.397    0.001852   183.70    12.20
2014-07-23T08:29:45Z    21.338    0.798    1.222    0.001504   207.70    22.89
2014-07-24T08:25:26Z    22.335    0.809    1.199    0.001518   171.00    14.01
2014-07-25T08:25:26Z    23.335    0.821    1.175    0.001526   174.20    25.07
2014-07-29T08:02:24Z    27.319    0.870    1.080    0.001581   106.10     3.09
2014-07-31T07:50:52Z    29.311    0.895    1.031    0.001659    89.84     2.83
2014-08-01T07:50:52Z    30.311    0.908    1.007    0.001785   110.60     3.34
2014-08-02T07:49:26Z    31.310    0.922    0.982    0.001850   131.60     0.97
2014-08-03T07:22:04Z    32.291    0.935    0.958    0.001929   127.50     1.37
2014-08-04T07:22:04Z    33.291    0.948    0.934    0.001958   120.90     7.49
2014-08-05T07:07:40Z    34.281    0.962    0.910    0.001946    90.49     1.12
2014-08-08T06:40:19Z    37.262    1.004    0.840    0.001773   141.40     0.78
2014-08-09T06:41:45Z    38.263    1.018    0.817    0.001753   157.40     0.89
2014-08-10T06:25:55Z    39.252    1.032    0.794    0.001686   115.10     1.04
2014-08-11T06:00:00Z    40.234    1.046    0.772    0.001626   125.50     1.20
2014-08-12T05:44:09Z    41.223    1.060    0.751    0.001570   132.70     2.29
2014-08-13T05:44:09Z    42.223    1.075    0.730    0.001547   112.40     1.11
2014-08-14T05:19:40Z    43.206    1.089    0.710    0.001541    94.77     1.19
2014-08-19T03:59:02Z    48.150    1.162    0.624    0.001420   120.70     0.92
2014-08-23T02:36:57Z    52.093    1.220    0.578    0.001612    71.48     1.29
2014-08-24T02:13:55Z    53.077    1.235    0.570    0.001703    82.78     1.09
2014-08-25T01:58:04Z    54.066    1.249    0.565    0.001643    89.74     1.29
2014-08-29T01:19:12Z    58.039    1.309    0.562    0.001803    52.89     1.08
2014-08-30T01:20:38Z    59.040    1.324    0.566    0.001803    53.57     0.91
2014-08-31T00:44:38Z    60.015    1.338    0.573    0.001863    54.90     0.79
2014-09-01T00:44:38Z    61.015    1.353    0.581    0.001855    52.90     1.02
2014-09-08T16:43:40Z    68.681    1.467    0.701    0.001533   111.40     2.32
2014-09-09T16:10:33Z    69.658    1.482    0.722    0.001533    59.77     3.53
2014-09-10T16:10:33Z    70.658    1.496    0.745    0.001533    66.29     4.69
2014-09-12T16:00:28Z    72.651    1.526    0.792    0.001533    75.20     2.03
2014-09-13T15:30:14Z    73.630    1.540    0.817    0.001533    57.31     2.98
2014-09-14T15:30:14Z    74.630    1.555    0.843    0.001533    71.19     2.75
2014-09-15T15:18:43Z    75.622    1.570    0.869    0.001533    25.85     4.96
2014-09-16T15:17:16Z    76.621    1.585    0.896    0.001533    72.58     1.90
2014-09-17T14:49:55Z    77.602    1.599    0.923    0.001533    86.93     3.55
2014-09-18T14:49:55Z    78.602    1.614    0.951    0.001533    77.01     9.80
2014-09-19T14:35:31Z    79.592    1.628    0.979    0.001533    66.03     2.70
2014-09-20T14:35:31Z    80.592    1.643    1.008    0.001533    39.71     4.42
2014-09-21T14:35:31Z    81.592    1.657    1.038    0.001533    34.31     5.91
2014-09-23T04:06:14Z    83.155    1.680    1.084    0.001533    23.49     8.76
2014-09-24T04:07:40Z    84.156    1.695    1.114    0.001532    63.88     3.95
2014-09-26T04:23:31Z    86.167    1.724    1.175    0.001532    42.59     6.10
2014-09-27T04:23:31Z    87.167    1.739    1.206    0.001532    16.28    14.43
2014-10-05T05:05:16Z    95.196    1.854    1.460    0.001519    32.86     8.20
2014-10-06T05:05:16Z    96.196    1.869    1.492    0.001518    60.33     5.40
2014-10-07T05:05:16Z    97.196    1.883    1.524    0.001518    76.36     4.60
2014-10-08T05:05:16Z    98.196    1.897    1.556    0.001518    25.66    11.01
2014-10-12T05:28:19Z   102.212    1.954    1.685    0.001518    41.16     7.89
2014-10-14T05:28:19Z   104.212    1.982    1.750    0.001518    34.62    10.75
2014-10-15T05:28:19Z   105.212    1.996    1.782    0.001518    47.01     7.50
2014-10-20T05:48:28Z   110.226    2.066    1.943    0.001518    28.20    13.81
