2015-06-30T22:48:00Z  -137.270    2.375    1.793    0.001572    54.62    22.07
2015-07-02T02:48:28Z  -136.103    2.360    1.762    0.001837    43.59    16.22
2015-07-03T06:20:09Z  -134.956    2.346    1.731    0.001934    30.63    20.19
2015-07-09T19:55:12Z  -128.390    2.261    1.567    0.002192    73.97     7.48
2015-07-13T14:16:48Z  -124.625    2.213    1.480    0.002129    75.54     7.28
2015-07-14T19:04:48Z  -123.425    2.197    1.453    0.002099    92.04     6.27
2015-07-15T20:44:09Z  -122.356    2.183    1.430    0.002086    52.13    10.83
2015-07-18T06:24:28Z  -119.953    2.152    1.380    0.002038    64.94     7.95
2015-07-19T11:25:26Z  -118.744    2.136    1.357    0.002007   108.00     6.06
2015-07-20T16:10:33Z  -117.546    2.120    1.334    0.001972    99.28     5.11
2015-07-23T02:21:07Z  -115.122    2.089    1.290    0.001906    74.93     6.41
2015-07-24T07:20:38Z  -113.914    2.073    1.270    0.001880    68.61    13.35
2015-07-25T12:17:16Z  -112.708    2.057    1.251    0.001840    64.09     7.00
2015-07-26T17:18:14Z  -111.499    2.041    1.233    0.001841    79.63     5.71
2015-07-27T22:17:45Z  -110.291    2.025    1.216    0.001851   121.20    12.85
2015-07-29T03:18:43Z  -109.082    2.009    1.200    0.001941   121.00     9.00
2015-08-02T06:28:48Z  -104.950    1.955    1.154    0.002065   158.90     2.15
2015-08-03T11:28:19Z  -103.742    1.939    1.143    0.002065   126.20     5.42
2015-08-04T16:29:16Z  -102.533    1.923    1.133    0.002070    95.80     8.21
2015-08-05T21:30:14Z  -101.324    1.907    1.125    0.002067   138.50     2.84
2015-08-07T02:29:45Z  -100.116    1.891    1.118    0.002063    94.46     4.37
2015-08-09T12:31:40Z   -97.698    1.858    1.108    0.002010   123.40     3.91
2015-08-10T17:31:12Z   -96.490    1.842    1.104    0.001992   116.30     4.03
2015-08-11T22:32:09Z   -95.281    1.826    1.102    0.001975   131.20     4.02
2015-08-13T03:33:07Z   -94.072    1.810    1.102    0.001966   118.90     4.17
2015-08-14T08:32:38Z   -92.864    1.794    1.102    0.001930   122.30     4.55
2015-08-19T04:40:48Z   -88.025    1.729    1.115    0.001859   100.60     3.75
2015-08-21T14:55:40Z   -85.598    1.697    1.128    0.001918   131.70     9.55
2015-08-25T06:00:00Z   -81.970    1.648    1.155    0.001955   112.70    15.17
2015-08-29T06:50:24Z   -77.935    1.594    1.193    0.001968   133.70     6.60
2015-08-30T11:49:55Z   -76.727    1.578    1.205    0.001954   122.20     4.94
2015-08-31T16:30:43Z   -75.532    1.562    1.219    0.001959   142.60     5.72
2015-09-01T21:30:14Z   -74.324    1.545    1.233    0.001949   104.10     9.00
2015-09-12T07:22:04Z   -63.913    1.407    1.367    0.001834   190.70    26.81
2015-09-13T07:49:26Z   -62.894    1.393    1.381    0.001856   147.20     4.33
2015-10-06T20:52:48Z   -39.350    1.097    1.682    0.001705   325.20     4.27
2015-10-07T21:00:00Z   -38.345    1.085    1.693    0.001719   224.70     6.14
2015-10-08T21:00:00Z   -37.345    1.074    1.702    0.001742   228.60     5.23
2015-10-09T21:00:00Z   -36.345    1.063    1.712    0.001751   241.10     4.49
2015-10-10T21:00:00Z   -35.345    1.052    1.721    0.001785   296.90     2.74
2015-10-11T21:00:00Z   -34.345    1.041    1.730    0.001815   277.20     4.17
2015-10-12T21:00:00Z   -33.345    1.030    1.738    0.001849   288.90     3.75
2015-10-13T21:00:00Z   -32.345    1.019    1.747    0.001895   191.60     5.23
2015-10-14T21:00:00Z   -31.345    1.009    1.754    0.001957   233.80     4.19
2015-10-15T21:34:33Z   -30.321    0.998    1.762    0.001984   211.10     4.75
2015-10-16T21:36:00Z   -29.320    0.988    1.768    0.002002   217.00     4.89
2015-10-17T21:36:00Z   -28.320    0.978    1.775    0.001984   275.70     4.12
2015-10-18T21:36:00Z   -27.320    0.968    1.781    0.001961   286.50     4.18
2015-10-19T21:36:00Z   -26.320    0.959    1.786    0.001930   256.30     4.79
2015-10-20T21:36:00Z   -25.320    0.950    1.791    0.001898   432.20     3.80
2015-11-29T23:00:57Z    14.739    0.869    1.526    0.001389   194.10     5.85
2015-12-04T02:57:07Z    18.903    0.897    1.449    0.001675   175.90     4.38
2015-12-05T02:58:33Z    19.904    0.904    1.430    0.001716   193.40     3.57
2015-12-06T04:20:38Z    20.961    0.912    1.409    0.001765   204.80     3.67
2015-12-07T22:50:52Z    22.732    0.927    1.373    0.001844   127.10     4.92
2015-12-14T07:13:26Z    29.081    0.986    1.240    0.001812   168.70     3.92
2015-12-15T06:50:24Z    30.065    0.996    1.218    0.001799   129.80     3.57
2015-12-16T06:50:24Z    31.065    1.006    1.197    0.001815   169.90     2.79
2015-12-17T06:38:52Z    32.057    1.016    1.175    0.001823   172.40     2.88
2015-12-18T06:38:52Z    33.057    1.027    1.153    0.001830   152.80     3.37
2015-12-19T06:10:04Z    34.037    1.037    1.132    0.001828   185.70     8.22
2015-12-20T06:10:04Z    35.037    1.048    1.110    0.001808   185.10     2.33
2015-12-21T06:10:04Z    36.037    1.059    1.088    0.001783   172.70     2.88
2015-12-22T06:10:04Z    37.037    1.071    1.067    0.001785   132.10     3.21
2015-12-23T05:55:40Z    38.027    1.082    1.046    0.001768   138.30     2.77
2015-12-24T05:55:40Z    39.027    1.093    1.024    0.001750   160.40     2.56
2015-12-25T05:29:45Z    40.009    1.105    1.004    0.001734   135.40     3.35
2015-12-26T05:29:45Z    41.009    1.117    0.983    0.001721   150.90     2.61
2015-12-27T05:13:55Z    41.998    1.128    0.963    0.001725   111.00     3.52
2015-12-28T05:13:55Z    42.998    1.140    0.943    0.001717   160.20     2.48
2015-12-29T04:49:26Z    43.981    1.152    0.923    0.001713   133.90     2.79
2015-12-30T04:49:26Z    44.981    1.164    0.904    0.001726   124.40     2.73
2015-12-31T04:32:09Z    45.969    1.176    0.886    0.001762   106.10     3.24
2016-01-01T04:09:07Z    46.953    1.188    0.868    0.001814    96.99     4.44
2016-01-02T04:09:07Z    47.953    1.201    0.851    0.001845    92.97     2.91
2016-01-03T03:50:24Z    48.940    1.213    0.835    0.001892    91.23     2.55
2016-01-04T03:27:21Z    49.924    1.226    0.819    0.001897   100.70     2.18
2016-01-05T03:27:21Z    50.924    1.238    0.804    0.001902    91.12     2.26
2016-01-06T03:07:12Z    51.910    1.251    0.790    0.001881    80.42     3.31
2016-01-07T02:47:02Z    52.896    1.263    0.778    0.001867    94.31     4.46
2016-01-08T02:25:26Z    53.881    1.276    0.766    0.001840   102.50     1.93
2016-01-09T02:25:26Z    54.881    1.289    0.755    0.001833   105.10     2.09
2016-01-10T02:06:43Z    55.868    1.302    0.746    0.001827   117.50     7.83
2016-01-11T01:43:40Z    56.852    1.314    0.738    0.001825   114.70     4.68
2016-01-12T01:26:24Z    57.840    1.327    0.731    0.001823   112.40     1.80
2016-01-13T01:26:24Z    58.840    1.340    0.726    0.001827   115.00     1.72
2016-01-16T00:47:31Z    61.813    1.379    0.719    0.001810   114.50     2.25
2016-01-17T00:17:16Z    62.792    1.392    0.720    0.001793    83.31     2.08
2016-01-18T00:17:16Z    63.792    1.405    0.722    0.001807    95.38     1.79
2016-01-19T00:08:38Z    64.786    1.418    0.726    0.001805    91.51     4.40
2016-01-20T00:08:38Z    65.786    1.432    0.732    0.001800    98.07     1.68
2016-01-21T00:10:04Z    66.787    1.445    0.739    0.001792    85.44     1.83
2016-01-21T23:32:38Z    67.761    1.458    0.748    0.001791    78.61     1.81
2016-01-23T23:31:12Z    69.760    1.484    0.769    0.001767    78.35     1.94
2016-01-24T16:16:19Z    70.458    1.494    0.778    0.001792    83.43     1.96
2016-01-25T16:17:45Z    71.459    1.507    0.792    0.001830    70.56     2.09
2016-01-26T16:17:45Z    72.459    1.521    0.807    0.001874    68.51     2.10
2016-01-27T16:19:12Z    73.460    1.534    0.823    0.001919    62.97     1.71
2016-01-28T16:13:26Z    74.456    1.547    0.841    0.001927    65.18     2.96
2016-01-29T16:13:26Z    75.456    1.561    0.859    0.001946    62.37     4.80
2016-01-30T15:38:52Z    76.432    1.574    0.878    0.001925    67.86     7.14
2016-02-01T09:07:12Z    78.160    1.597    0.914    0.001911    78.38     2.44
2016-02-02T08:57:07Z    79.153    1.610    0.936    0.001918    70.81     2.40
2016-02-03T08:57:07Z    80.153    1.624    0.959    0.001902    64.89     3.20
2016-02-04T08:26:52Z    81.132    1.637    0.982    0.001867    59.80     3.13
2016-02-05T08:26:52Z    82.132    1.650    1.006    0.001855    66.73     2.82
2016-02-06T08:26:52Z    83.132    1.664    1.031    0.001849    70.83     9.14
2016-02-07T08:15:21Z    84.124    1.677    1.056    0.001850    63.77     6.47
2016-02-08T08:15:21Z    85.124    1.690    1.081    0.001823    79.33     8.16
2016-02-09T08:15:21Z    86.124    1.704    1.108    0.001817    51.42     6.89
2016-02-10T07:48:00Z    87.105    1.717    1.134    0.001793    68.66     9.81
2016-02-11T07:48:00Z    88.105    1.730    1.161    0.001799    63.98     8.79
2016-02-12T07:48:00Z    89.105    1.744    1.189    0.001803    59.62     4.12
2016-02-13T07:32:09Z    90.094    1.757    1.216    0.001800    47.50     5.23
2016-02-14T07:32:09Z    91.094    1.770    1.244    0.001791    63.86    12.19
2016-02-15T07:07:40Z    92.077    1.783    1.272    0.001803    64.22     6.63
2016-02-16T07:07:40Z    93.077    1.797    1.301    0.001796    51.95    12.27
2016-02-17T07:07:40Z    94.077    1.810    1.330    0.001777    31.20     8.13
2016-02-18T07:07:40Z    95.077    1.823    1.359    0.001773    40.32    10.33
