2004-09-02T16:40:48Z  -143.724    2.396    2.020    0.001549    60.00     0.20
2004-09-04T01:59:31Z  -142.336    2.381    1.994    0.001548    47.20     0.22
2004-09-08T18:24:28Z  -137.652    2.329    1.908    0.001547    72.30     0.14
2004-09-13T12:04:19Z  -132.916    2.276    1.822    0.001547   125.00     0.09
2004-10-03T18:14:24Z  -112.659    2.053    1.470    0.001374   112.00    34.00
2004-10-05T03:44:38Z  -111.263    2.038    1.447    0.001374   121.00    32.00
2004-10-10T06:15:50Z  -106.158    1.983    1.363    0.001374   127.00    32.00
2004-10-11T07:43:40Z  -105.097    1.971    1.346    0.001374   109.00    31.00
2004-10-12T09:05:45Z  -104.040    1.960    1.329    0.001374   128.00    27.00
2004-10-14T10:17:45Z  -101.990    1.938    1.296    0.001374   137.00    28.00
2004-10-15T11:47:02Z  -100.928    1.927    1.279    0.001374   137.00    24.00
2004-10-16T13:06:14Z   -99.873    1.915    1.262    0.001374   128.00    27.00
2004-10-17T14:26:52Z   -98.817    1.904    1.246    0.001374   150.00    25.00
2004-10-18T15:59:02Z   -97.753    1.893    1.229    0.001374   136.00    27.00
2004-10-20T17:08:09Z   -95.705    1.871    1.197    0.001374   150.00    16.00
2004-10-24T19:04:48Z   -91.624    1.828    1.135    0.001374   197.00    18.00
2004-10-26T13:04:48Z   -89.874    1.809    1.108    0.001374   208.00    16.00
2004-10-29T10:23:31Z   -86.986    1.779    1.065    0.001374   200.00    15.00
2004-10-31T19:36:28Z   -84.602    1.755    1.030    0.001374   198.00    14.00
2004-11-02T13:43:40Z   -82.847    1.737    1.004    0.001374   197.00    13.00
2004-11-05T10:55:12Z   -79.964    1.708    0.962    0.001374   184.00    13.00
2004-11-07T20:03:50Z   -77.583    1.684    0.929    0.001374   192.00     9.10
2004-11-09T14:12:28Z   -75.827    1.666    0.904    0.001374   190.00     9.50
2004-11-16T14:44:09Z   -68.805    1.598    0.807    0.001374   208.00     7.40
2004-11-18T22:56:38Z   -66.463    1.576    0.776    0.001374   207.00    25.00
2004-11-21T07:46:33Z   -64.095    1.554    0.745    0.001374   215.00     6.70
2004-11-23T01:36:28Z   -62.352    1.538    0.723    0.001374   249.00     6.70
2004-11-25T22:19:12Z   -59.489    1.512    0.686    0.001374   234.00     3.20
2004-11-28T07:09:07Z   -57.121    1.491    0.657    0.001374   241.00     6.00
2004-11-30T00:59:02Z   -55.378    1.476    0.636    0.001374   266.00     6.10
2004-12-02T21:50:24Z   -52.509    1.452    0.602    0.001374   244.00     4.50
2004-12-05T06:40:19Z   -50.141    1.432    0.575    0.001374   266.00     4.40
2004-12-07T00:31:40Z   -48.397    1.418    0.555    0.001374   269.00     4.20
2004-12-10T14:13:55Z   -44.826    1.391    0.517    0.001374   267.00     3.90
2004-12-11T15:27:21Z   -43.775    1.383    0.507    0.001374   282.00     4.20
2004-12-12T16:48:00Z   -42.719    1.375    0.496    0.001374   283.00     4.70
2004-12-14T18:50:24Z   -40.634    1.360    0.476    0.001374   282.00     3.90
2004-12-15T20:11:02Z   -39.578    1.353    0.467    0.001374   279.00     4.50
2004-12-16T21:25:55Z   -38.526    1.346    0.457    0.001374   264.00     4.80
2005-01-07T10:07:40Z   -16.997    1.235    0.364    0.001374   298.00     4.20
2005-01-11T04:06:14Z   -13.248    1.223    0.372    0.001374   344.00     3.40
2005-01-14T01:06:14Z   -10.373    1.217    0.382    0.001374   364.00     3.20
2005-01-17T09:30:14Z    -7.023    1.211    0.399    0.001374   399.00     3.60
2005-01-19T01:03:21Z    -5.375    1.209    0.409    0.001374   379.00     3.30
2005-01-21T07:10:33Z    -3.120    1.207    0.424    0.001374   247.00     4.50
2005-01-25T10:01:55Z     0.999    1.206    0.455    0.001374   323.00     2.80
2005-01-28T07:40:48Z     3.901    1.207    0.479    0.001374   327.00     3.10
2005-02-01T10:30:43Z     8.019    1.212    0.515    0.001374   308.00     2.80
2005-02-04T07:19:12Z    10.886    1.218    0.542    0.001374   289.00     2.90
2005-02-06T16:19:12Z    13.261    1.223    0.565    0.001374   285.00     2.70
2005-02-08T10:10:33Z    15.005    1.228    0.582    0.001374   301.00     2.90
2005-02-11T07:19:12Z    17.886    1.238    0.601    0.001374   318.00     3.40
2005-02-13T16:10:33Z    20.255    1.247    0.634    0.001374   328.00     3.40
2005-02-15T09:57:36Z    21.996    1.254    0.651    0.001374   314.00     3.30
2005-02-20T15:57:36Z    27.246    1.278    0.704    0.001374   236.00     3.40
2005-02-22T09:57:36Z    28.996    1.288    0.722    0.001374   240.00     3.70
2005-02-25T06:57:36Z    31.871    1.304    0.751    0.001374   215.00     3.50
2005-03-06T15:50:24Z    41.241    1.365    0.846    0.001374   183.00     3.90
2005-03-27T03:44:38Z    61.737    1.532    1.055    0.001374   132.00     5.50
2005-03-28T21:44:38Z    63.487    1.548    1.074    0.001374   119.00     4.70
2005-03-31T18:44:38Z    66.362    1.575    1.104    0.001374   117.00     5.00
2005-04-02T04:03:21Z    67.750    1.588    1.119    0.001374   118.00     5.60
2005-04-03T05:06:43Z    68.794    1.598    1.130    0.001374   117.00     5.40
2005-04-04T06:27:21Z    69.850    1.608    1.141    0.001374   119.00     6.00
2005-04-07T04:26:24Z    72.766    1.636    1.173    0.001374   110.00     6.30
2005-04-08T05:47:02Z    73.822    1.646    1.185    0.001374    94.60     7.00
2005-04-09T07:06:14Z    74.877    1.657    1.196    0.001374   111.00     7.30
2005-04-10T08:26:52Z    75.933    1.667    1.208    0.001374    99.60     7.10
2005-04-11T09:46:04Z    76.988    1.678    1.220    0.001374    97.50     7.40
2005-04-13T16:03:21Z    79.250    1.700    1.245    0.001374   104.00     8.40
2005-04-16T01:01:55Z    81.624    1.724    1.273    0.001374    78.10     7.80
2005-04-17T19:03:21Z    83.375    1.742    1.293    0.001374   102.00    11.00
2005-04-20T15:46:04Z    86.238    1.772    1.327    0.001374    60.50    14.00
2005-04-23T00:44:38Z    88.612    1.796    1.355    0.001374    65.80    11.00
2005-04-24T18:44:38Z    90.362    1.815    1.377    0.001374    73.20    13.00
2005-04-27T15:21:36Z    93.221    1.845    1.413    0.001374    66.30    15.00
2005-04-30T00:21:36Z    95.596    1.870    1.443    0.001374    50.40    19.00
2005-05-23T17:31:12Z   119.311    2.126    1.778    0.001374    34.80    68.00
