2001-07-03T14:52:48Z   -72.586    1.590    1.995    0.002134    40.48     1.04
2001-07-05T00:12:57Z   -71.197    1.582    1.983    0.002134    22.43     1.42
2001-07-08T02:55:40Z   -68.084    1.565    1.955    0.002133    37.79     0.75
2001-07-11T02:57:07Z   -65.083    1.549    1.930    0.002131    32.98     0.89
2001-07-11T16:37:55Z   -64.513    1.546    1.925    0.002131    23.66     0.23
2001-07-12T06:38:52Z   -63.929    1.543    1.920    0.002131    26.31     0.21
2001-07-13T02:16:48Z   -63.111    1.538    1.913    0.002120    29.96     0.94
2001-07-14T23:36:57Z   -61.222    1.529    1.898    0.002119    16.68     1.30
2001-07-16T12:57:36Z   -59.666    1.521    1.885    0.002118    21.59     0.25
2001-07-17T23:35:31Z   -58.223    1.514    1.873    0.002118    48.00     0.73
2001-07-19T22:56:38Z   -56.250    1.504    1.858    0.002117    32.08     0.93
2001-07-21T22:16:19Z   -54.278    1.495    1.842    0.002116    38.50     0.68
2001-07-24T10:37:55Z   -51.763    1.483    1.823    0.002105    40.87     0.15
2001-07-25T06:34:33Z   -50.932    1.479    1.817    0.002104    44.27     0.57
2001-07-31T23:13:55Z   -44.238    1.451    1.768    0.002092    31.25     0.88
2001-08-02T00:34:33Z   -43.182    1.447    1.760    0.002091    21.32     1.18
2001-08-06T00:14:24Z   -39.196    1.432    1.732    0.002089    41.03     0.82
2001-08-22T04:58:04Z   -22.999    1.384    1.630    0.002058    66.10     0.10
2001-08-28T21:48:57Z   -16.297    1.371    1.591    0.002049    40.64     0.61
2001-08-29T23:09:36Z   -15.241    1.370    1.585    0.002048    39.80     0.64
2001-09-08T16:06:14Z    -5.535    1.360    1.535    0.002035    63.02     0.34
2001-09-10T04:48:00Z    -4.006    1.359    1.527    0.002034    64.34     0.07
2001-09-11T16:07:40Z    -2.534    1.358    1.520    0.002033    67.70     0.36
2001-09-12T05:08:09Z    -1.992    1.358    1.518    0.002033    60.79     0.08
2001-09-13T15:27:21Z    -0.562    1.358    1.511    0.002032    72.36     0.34
2001-09-14T16:27:50Z     0.480    1.358    1.506    0.002032    54.84     0.08
2001-09-15T12:47:31Z     1.327    1.358    1.502    0.002031    41.81     0.51
2001-09-17T01:27:50Z     2.855    1.359    1.495    0.002031    45.80     0.10
2001-09-18T12:47:31Z     4.327    1.359    1.489    0.002030    62.88     0.35
2001-09-19T01:48:00Z     4.869    1.359    1.486    0.002030    45.11     0.09
2001-09-20T12:07:12Z     6.299    1.360    1.480    0.002026    51.31     0.39
2001-09-21T17:34:04Z     7.526    1.361    1.475    0.002025    62.17     0.07
2001-09-22T14:12:28Z     8.386    1.362    1.471    0.002024    85.99     0.25
2001-09-23T03:04:19Z     8.922    1.362    1.469    0.002024    62.22     0.07
2001-09-24T10:45:07Z    10.242    1.363    1.464    0.002024    58.17     0.09
2001-09-26T11:09:36Z    12.259    1.366    1.455    0.002021    51.48     0.10
2001-09-27T19:37:55Z    13.612    1.367    1.450    0.002020    60.04     0.32
2001-09-28T20:29:45Z    14.648    1.369    1.446    0.002020    48.03     0.09
2001-09-29T16:56:38Z    15.500    1.370    1.443    0.002019    32.88     0.49
2001-10-04T18:17:16Z    20.556    1.379    1.424    0.002015    45.40     0.36
2001-10-06T16:17:45Z    22.473    1.383    1.417    0.002014    45.71     0.35
2001-10-09T16:58:04Z    25.501    1.390    1.407    0.002012    29.69     0.60
2001-10-11T18:38:52Z    27.571    1.395    1.400    0.002010    58.69     0.29
2001-10-13T13:58:04Z    29.376    1.400    1.395    0.002009    47.43     0.33
2001-10-16T14:38:24Z    32.404    1.409    1.385    0.002009    39.10     0.42
2001-10-18T15:59:02Z    34.460    1.416    1.379    0.002007    39.50     0.44
2001-10-20T13:58:04Z    36.376    1.422    1.374    0.002006    21.11     0.73
2001-10-23T14:38:24Z    39.404    1.433    1.366    0.002006    33.31     0.54
2001-10-25T11:25:26Z    41.270    1.440    1.361    0.002005    17.02     0.80
2001-10-27T09:25:55Z    43.187    1.447    1.356    0.002004    20.90     0.72
2001-11-01T11:36:57Z    48.278    1.468    1.344    0.002003    35.57     0.50
2001-11-02T15:59:02Z    49.460    1.473    1.341    0.002002    38.65     0.08
2001-11-03T09:37:26Z    50.195    1.476    1.340    0.002002    35.96     0.46
2001-11-07T21:33:07Z    54.692    1.497    1.331    0.002003    30.11     0.54
2001-11-09T04:56:38Z    56.000    1.503    1.328    0.002003    17.37     0.19
2001-11-09T22:53:45Z    56.748    1.506    1.327    0.002002    11.35     1.29
2001-11-11T00:15:50Z    57.805    1.512    1.325    0.002001    18.29     0.95
2001-11-12T18:14:24Z    59.554    1.520    1.321    0.002000    38.29     0.38
2001-11-19T13:49:26Z    66.370    1.556    1.310    0.002000    15.90     0.20
2001-11-19T21:48:57Z    66.703    1.557    1.310    0.002000    13.85     0.22
2001-11-21T22:09:07Z    68.717    1.568    1.307    0.001999    12.71     0.24
2001-11-22T15:36:00Z    69.444    1.572    1.305    0.001999    10.56     1.54
2001-11-23T06:28:48Z    70.064    1.576    1.305    0.001999    12.93     0.31
2001-11-26T16:36:28Z    73.486    1.595    1.300    0.001996    24.11     0.67
2001-11-28T01:56:38Z    74.875    1.603    1.298    0.001995    12.52     1.13
2001-11-29T19:56:38Z    76.625    1.613    1.296    0.002001    16.41     0.82
2001-11-30T22:19:12Z    77.724    1.620    1.295    0.002001    10.65     0.29
2001-12-04T17:36:57Z    81.528    1.642    1.291    0.001998    10.94     1.45
2001-12-05T07:49:26Z    82.120    1.646    1.291    0.001998    10.52     0.29
2001-12-06T14:57:07Z    83.417    1.654    1.289    0.001997    15.51     0.89
2001-12-07T17:09:36Z    84.509    1.660    1.288    0.001996     8.05     0.38
2001-12-10T02:08:09Z    86.883    1.675    1.287    0.001995     8.19     0.36
2001-12-11T12:38:52Z    88.321    1.684    1.285    0.001994    11.19     1.29
2001-12-13T09:59:02Z    90.210    1.696    1.284    0.001993    14.53     1.01
2001-12-22T10:40:48Z    99.239    1.754    1.281    0.001996    19.10     0.70
2001-12-29T09:37:26Z   106.195    1.801    1.281    0.001992    24.40     0.62
